    257      -2.3831      2.00000
    258      -2.1576      2.00000
    259      -2.1481      2.00000
    260      -2.1462      2.00000
    261      -2.1295      2.00000
    262      -2.1266      2.00000
    263      -2.0924      2.00000
    264      -2.0852      2.00000
    265      -2.0788      2.00000
    266      -2.0576      2.00000
    267      -2.0507      2.00000
    268      -2.0069      2.00000
    269      -1.9327      2.00000
    270      -1.9258      2.00000
    271      -1.9127      2.00000
    272      -1.9029      2.00000
    273      -1.8933      2.00000
    274      -1.8354      2.00000
    275      -1.6246      2.00000
    276      -1.6076      2.00000
    277      -1.5989      2.00000
    278      -1.5851      2.00000
    279      -1.5603      2.00000
    280      -1.5538      2.00000
    281      -1.5164      2.00000
    282      -1.2965      2.00000
    283      -1.2405      2.00000
    284      -1.1865      2.00000
    285      -1.1783      2.00000
    286      -0.8106      2.00000
    287      -0.8018      2.00000
    288       0.2957      0.00000
    289       0.7953      0.00000
    290       0.7985      0.00000
    291       0.8112      0.00000
    292       1.2584      0.00000
    293       1.2604      0.00000
    294       1.2721      0.00000
    295       1.3686      0.00000
    296       1.3824      0.00000
    297       1.4325      0.00000
    298       1.4440      0.00000
    299       1.4465      0.00000
    300       1.5852      0.00000
    301       1.6732      0.00000
    302       1.7298      0.00000
    303       1.7516      0.00000
    304       1.7878      0.00000
    305       1.8307      0.00000
    306       1.8415      0.00000
    307       1.8524      0.00000
    308       1.8623      0.00000
    309       1.8988      0.00000
    310       1.9184      0.00000
    311       1.9383      0.00000
    312       1.9550      0.00000
    313       1.9669      0.00000
    314       1.9748      0.00000
    315       2.0548      0.00000
    316       2.1176      0.00000
    317       2.1352      0.00000
    318       2.1755      0.00000
