    242      -2.6963      2.00000
    243      -2.6123      2.00000
    244      -2.6116      2.00000
    245      -2.34921      2.00000
    246      -2.3492      2.00000
    247      -2.3473      2.00000
    248      -2.32691      2.00000
    249      -2.3269      2.00000
    250      -2.2829      2.00000
    251      -2.2828      2.00000
    252      -2.2474      2.00000
    253      -2.2471      2.00000
    254      -2.1173      2.00000
    255      -2.1171      2.00000
    256      -2.1117      2.00000
    257      -2.1116      2.00000
    258      -2.11111      2.00000
    259      -2.1111      2.00000
    260      -2.1101      2.00000
    261      -2.0946      2.00000
    262      -1.8034      2.00000
    263      -1.7925      2.00000
    264      -1.7587      2.00000
    265      -1.75601      2.00000
    266      -1.7560      2.00000
    267      -1.7154      2.00000
    268      -1.7152      2.00000
    269      -1.3790      2.00000
    270      -1.3705      2.00000
    271      -1.0072      2.00000
    272      -1.0018      2.00000
    273       0.5924      0.00000
    274       0.5925      0.00000
    275       0.6063      0.00000
    276       1.0710      0.00000
    277       1.0712      0.00000
    278       1.0808      0.00000
    279       1.1678      0.00000
    280       1.1680      0.00000
    281       1.2314      0.00000
    282       1.2462      0.00000
    283       1.2469      0.00000
    284       1.3807      0.00000
    285       1.5477      0.00000
    286       1.5483      0.00000
    287       1.6437      0.00000
    288       1.6438      0.00000
    289       1.6443      0.00000
    290       1.64431      0.00000
    291       1.6491      0.00000
    292       1.7156      0.00000
    293       1.7158      0.00000
    294       1.7613      0.00000
    295       1.7614      0.00000
    296       1.7764      0.00000
    297       1.8578      0.00000
    298       1.8583      0.00000
    299       1.8728      0.00000
    300       1.9934      0.00000
    301       1.9936      0.00000
    302       2.0383      0.00000
    303       2.0388      0.00000
