    267      -2.1677      2.00000
    268      -2.1352      2.00000
    269      -2.1305      2.00000
    270      -2.1196      2.00000
    271      -2.1092      2.00000
    272      -2.0803      2.00000
    273      -2.0646      2.00000
    274      -2.0498      2.00000
    275      -2.0394      2.00000
    276      -2.0221      2.00000
    277      -1.9948      2.00000
    278      -1.9423      2.00000
    279      -1.9214      2.00000
    280      -1.8979      2.00000
    281      -1.8863      2.00000
    282      -1.8728      2.00000
    283      -1.7665      2.00000
    284      -1.6150      2.00000
    285      -1.5874      2.00000
    286      -1.5748      2.00000
    287      -1.5420      2.00000
    288      -1.5417      2.00000
    289      -1.5290      2.00000
    290      -1.4229      2.00000
    291      -1.3154      2.00000
    292      -1.2024      2.00000
    293      -1.1652      2.00000
    294      -1.1382      2.00000
    295      -0.9426      2.00000
    296      -0.7965      2.00000
    297      -0.7810      2.00000
    298       0.6239      0.00000
    299       0.7926      0.00000
    300       0.8061      0.00000
    301       0.8211      0.00000
    302       0.9208      0.00000
    303       1.2273      0.00000
    304       1.2339      0.00000
    305       1.2621      0.00000
    306       1.3198      0.00000
    307       1.3743      0.00000
    308       1.3989      0.00000
    309       1.4327      0.00000
    310       1.4800      0.00000
    311       1.5914      0.00000
    312       1.6350      0.00000
    313       1.7314      0.00000
    314       1.7615      0.00000
    315       1.7696      0.00000
    316       1.8178      0.00000
    317       1.8527      0.00000
    318       1.8748      0.00000
    319       1.8924      0.00000
    320       1.9012      0.00000
    321       1.9225      0.00000
    322       1.9473      0.00000
    323       1.9544      0.00000
    324       1.9853      0.00000
    325       2.0257      0.00000
    326       2.0776      0.00000
    327       2.1178      0.00000
    328       2.1416      0.00000
